(1,1) -> 48.0
(2,1) -> 48.0
(1,2) -> 48.0
(3,1) -> 48.0
(1,3) -> 48.0
(4,1) -> 48.0
(1,4) -> 48.0
(5,1) -> 48.0
(1,5) -> 48.0
(6,1) -> 48.0
(1,6) -> 48.0
(7,1) -> 48.0
(1,7) -> 48.0
(8,1) -> 48.0
(1,8) -> 48.0
(9,1) -> 48.0
(1,9) -> 48.0
(10,1) -> 48.0
(1,10) -> 48.0
(10,2) -> 48.0
(1,11) -> 48.0
(10,3) -> 48.0
(1,12) -> 48.0
(10,4) -> 48.0
(1,13) -> 48.0
(1,14) -> 48.0
(1,15) -> 48.0
(1,16) -> 48.0
(1,17) -> 48.0
(1,18) -> 48.0
(1,19) -> 48.0
(1,20) -> 48.0
(1,21) -> 48.0
(1,22) -> 48.0
(1,23) -> 48.0
(1,24) -> 48.0
(1,25) -> 48.0
(2,25) -> 48.0
(1,26) -> 48.0
(1,27) -> 48.0
(1,28) -> 48.0
(1,29) -> 48.0
(1,30) -> 48.0
(1,31) -> 48.0
(1,32) -> 48.0
(1,33) -> 48.0
(1,34) -> 48.0
(2,34) -> 48.0
(3,34) -> 48.0
(9,4) -> 50.0
(3,33) -> 50.0
(8,4) -> 52.0
(3,32) -> 52.0
(7,4) -> 54.0
(7,3) -> 56.0
(6,4) -> 56.0
(5,4) -> 58.0
(4,4) -> 60.0
(3,4) -> 62.0
(3,5) -> 62.0
(3,6) -> 62.0
(4,6) -> 62.0
(5,6) -> 62.0
(6,6) -> 62.0
(7,6) -> 62.0
(8,6) -> 62.0
(9,6) -> 62.0
(9,7) -> 62.0
(9,8) -> 62.0
(8,8) -> 64.0
(7,8) -> 66.0
(6,8) -> 68.0
(5,8) -> 70.0
(4,8) -> 72.0
(3,8) -> 74.0
(3,9) -> 74.0
(3,10) -> 74.0
(4,10) -> 74.0
(5,10) -> 74.0
(6,10) -> 74.0
(7,10) -> 74.0
(7,11) -> 74.0
(7,12) -> 74.0
(6,12) -> 76.0
(5,12) -> 78.0
(5,13) -> 78.0
(5,14) -> 78.0
(6,14) -> 78.0
(5,15) -> 78.0
(7,14) -> 78.0
(5,16) -> 78.0
(7,15) -> 78.0
(5,17) -> 78.0
(7,16) -> 78.0
(5,18) -> 78.0
(7,17) -> 78.0
(5,19) -> 78.0
(8,17) -> 78.0
(5,20) -> 78.0
(9,17) -> 78.0
(6,19) -> 78.0
(6,20) -> 78.0
(5,21) -> 78.0
(7,20) -> 78.0
(5,22) -> 78.0
(8,20) -> 78.0
(5,23) -> 78.0
(8,21) -> 78.0
(5,24) -> 78.0
(8,22) -> 78.0
(6,24) -> 78.0
(8,23) -> 78.0
(6,25) -> 78.0
(8,24) -> 78.0
(6,26) -> 78.0
(8,25) -> 78.0
(6,27) -> 78.0
(8,26) -> 78.0
(8,27) -> 78.0
(9,27) -> 78.0
(10,27) -> 78.0
(11,27) -> 78.0
(12,27) -> 78.0
(13,27) -> 78.0
(14,27) -> 78.0
(15,27) -> 78.0
(16,27) -> 78.0
(16,28) -> 78.0
(16,29) -> 78.0
(16,30) -> 78.0
(16,31) -> 78.0
(16,32) -> 78.0
(16,33) -> 78.0
(16,34) -> 78.0
